1.513617308038075862e+03 9.999999999999998890e-01
1.513624400325949637e+03 9.999999999999997780e-01
1.513631492613823411e+03 9.999999999999998890e-01
1.513638584901696959e+03 1.000000000000000000e+00
1.513645677189570733e+03 9.999999999999998890e-01
1.513652769477444508e+03 9.999999999999997780e-01
1.513659861765318283e+03 1.000000000000000000e+00
1.513666954053191830e+03 9.999999999999997780e-01
1.513674046341065605e+03 9.999999999999998890e-01
1.513681138628939379e+03 9.999999999999998890e-01
1.513688230916813154e+03 1.000000000000000000e+00
1.513695323204686702e+03 9.999999999999998890e-01
1.513702415492560476e+03 1.000000000000000000e+00
1.513709507780434251e+03 1.000000000000000000e+00
1.513716600068308026e+03 1.000000000000000000e+00
1.513723692356181573e+03 9.999999999999997780e-01
1.513730784644055348e+03 9.999999999999996669e-01
1.513737876931929122e+03 9.999999999999997780e-01
1.513744969219802897e+03 1.000000000000000222e+00
1.513752061507676444e+03 9.999999999999998890e-01
1.513759153795550219e+03 1.000000000000000000e+00
1.513766246083423994e+03 9.999999999999997780e-01
1.513773338371297768e+03 1.000000000000000222e+00
1.513780430659171543e+03 9.999999999999998890e-01
1.513787522947045090e+03 1.000000000000000000e+00
1.513794615234918865e+03 1.000000000000000222e+00
1.513801707522792640e+03 9.999999999999997780e-01
1.513808799810666414e+03 9.999999999999997780e-01
1.513815892098539962e+03 9.999999999999996669e-01
1.513822984386413737e+03 9.999999999999997780e-01
1.513830076674287511e+03 9.999999999999998890e-01
1.513837168962161286e+03 9.999999999999998890e-01
1.513844261250034833e+03 1.000000000000000222e+00
1.513851353537908608e+03 9.999999999999997780e-01
1.513858445825782383e+03 9.999999999999997780e-01
1.513865538113656157e+03 1.000000000000000222e+00
1.513872630401529705e+03 9.999999999999997780e-01
1.513879722689403479e+03 9.999999999999997780e-01
1.513886814977277254e+03 9.999999999999998890e-01
1.513893907265151029e+03 1.000000000000000000e+00
1.513900999553024576e+03 1.000000000000000000e+00
1.513908091840898351e+03 9.999999999999998890e-01
1.513915184128772125e+03 9.999999999999996669e-01
1.513922276416645900e+03 9.999999999999997780e-01
1.513929368704519675e+03 1.000000000000000000e+00
1.513936460992393222e+03 9.999999999999997780e-01
1.513943553280266997e+03 9.999999999999997780e-01
1.513950645568140772e+03 9.999999999999997780e-01
1.513957737856014546e+03 1.000000000000000000e+00
1.513964830143888094e+03 9.999999999999997780e-01
1.513971922431761868e+03 9.999999999999995559e-01
1.513979014719635643e+03 9.999999999999996669e-01
1.513986107007509418e+03 1.000000000000000222e+00
1.513993199295382965e+03 9.999999999999997780e-01
1.514000291583256740e+03 9.999999999999998890e-01
1.514007383871130514e+03 1.000000000000000000e+00
1.514014476159004289e+03 9.999999999999998890e-01
1.514021568446877836e+03 9.999999999999997780e-01
1.514028660734751611e+03 1.000000000000000000e+00
1.514035753022625386e+03 1.000000000000000000e+00
1.514042845310499160e+03 9.999999999999998890e-01
1.514049937598372708e+03 9.999999999999996669e-01
1.514057029886246482e+03 1.000000000000000000e+00
1.514064122174120257e+03 9.999999999999998890e-01
1.514071214461994032e+03 9.999999999999998890e-01
1.514078306749867807e+03 1.000000000000000000e+00
1.514085399037741354e+03 9.999999999999998890e-01
1.514092491325615129e+03 1.000000000000000000e+00
1.514099583613488903e+03 9.999999999999998890e-01
1.514106675901362678e+03 9.999999999999996669e-01
1.514113768189236225e+03 1.000000000000000000e+00
1.514120860477110000e+03 1.000000000000000000e+00
1.514127952764983775e+03 9.999999999999997780e-01
1.514135045052857549e+03 9.999999999999997780e-01
1.514142137340731097e+03 1.000000000000000000e+00
1.514149229628604871e+03 1.000000000000000000e+00
1.514156321916478646e+03 1.000000000000000222e+00
1.514163414204352421e+03 9.999999999999997780e-01
1.514170506492225968e+03 9.999999999999996669e-01
1.514177598780099743e+03 9.999999999999996669e-01
1.514184691067973517e+03 9.999999999999996669e-01
1.514191783355847292e+03 9.999999999999996669e-01
1.514198875643720839e+03 9.999999999999996669e-01
1.514205967931594614e+03 9.999999999999996669e-01
1.514213060219468389e+03 9.999999999999997780e-01
1.514220152507342164e+03 9.999999999999996669e-01
1.514227244795215938e+03 1.000000000000000000e+00
1.514234337083089486e+03 9.999999999999998890e-01
1.514241429370963260e+03 1.000000000000000000e+00
1.514248521658837035e+03 9.999999999999997780e-01
1.514255613946710810e+03 9.999999999999997780e-01
1.514262706234584357e+03 9.999999999999996669e-01
1.514269798522458132e+03 9.999999999999998890e-01
1.514276890810331906e+03 9.999999999999997780e-01
1.514283983098205681e+03 9.999999999999998890e-01
1.514291075386079228e+03 9.999999999999997780e-01
1.514298167673953003e+03 9.999999999999997780e-01
1.514305259961826778e+03 1.000000000000000000e+00
1.514312352249700552e+03 9.999999999999996669e-01
1.514319444537574100e+03 9.999999999999997780e-01
1.514326536825447874e+03 1.000000000000000000e+00
1.514333629113321649e+03 1.000000000000000000e+00
1.514340721401195424e+03 9.999999999999997780e-01
1.514347813689068971e+03 9.999999999999997780e-01
1.514354905976942746e+03 9.999999999999997780e-01
1.514361998264816521e+03 9.999999999999998890e-01
1.514369090552690295e+03 9.999999999999998890e-01
1.514376182840564070e+03 9.999999999999998890e-01
1.514383275128437617e+03 9.999999999999997780e-01
1.514390367416311392e+03 9.999999999999998890e-01
1.514397459704185167e+03 1.000000000000000000e+00
1.514404551992058941e+03 9.999999999999997780e-01
1.514411644279932489e+03 1.000000000000000000e+00
1.514418736567806263e+03 9.999999999999997780e-01
1.514425828855680038e+03 9.999999999999997780e-01
1.514432921143553813e+03 9.999999999999998890e-01
1.514440013431427360e+03 9.999999999999997780e-01
1.514447105719301135e+03 9.999999999999997780e-01
1.514454198007174909e+03 9.999999999999997780e-01
1.514461290295048684e+03 9.999875865572344091e-01
1.514468382582922231e+03 9.996761924973059932e-01
1.514475474870796006e+03 9.989899685679708430e-01
1.514482567158669781e+03 9.980012689750757948e-01
1.514489659446543556e+03 9.967309858569736170e-01
1.514496751734417103e+03 9.952062358974181899e-01
1.514503844022290878e+03 9.934621617280784411e-01
1.514510936310164652e+03 9.915500552949833013e-01
1.514518028598038427e+03 9.895094500415564376e-01
1.514525120885912202e+03 9.874004901197720452e-01
1.514532213173785749e+03 9.852334089367157377e-01
1.514539305461659524e+03 9.830715167192692894e-01
1.514546397749533298e+03 9.810047016991106927e-01
1.514553490037407073e+03 9.790058085991482084e-01
1.514560582325280620e+03 9.770973033265275554e-01
1.514567674613154395e+03 9.752939061243336427e-01
1.514574766901028170e+03 9.736249838063525397e-01
1.514581859188901944e+03 9.721116940884990676e-01
1.514588951476775492e+03 9.707680313071045397e-01
1.514596043764649266e+03 9.695854816825940636e-01
1.514603136052523041e+03 9.685831179224141385e-01
1.514610228340396816e+03 9.677753198860955530e-01
1.514617320628270363e+03 9.671591047715115685e-01
1.514624412916144138e+03 9.667386748851650724e-01
1.514631505204017913e+03 9.665212457540580671e-01
1.514638597491891687e+03 9.665094153250242126e-01
1.514645689779765235e+03 9.667023128333753768e-01
1.514652782067639009e+03 9.670978359263110447e-01
1.514659874355512784e+03 9.676845924673290744e-01
1.514666966643386559e+03 9.684876282153884741e-01
1.514674058931260106e+03 9.694885471744497663e-01
1.514681151219133881e+03 9.707069546832139961e-01
1.514688243507007655e+03 9.721155208256537783e-01
1.514695335794881430e+03 9.736935350395108379e-01
1.514702428082755205e+03 9.754364675406673735e-01
1.514709520370628752e+03 9.773626757988043146e-01
1.514716612658502527e+03 9.794420711294817838e-01
1.514723704946376301e+03 9.816541411431907171e-01
1.514730797234250076e+03 9.839402175046105814e-01
1.514737889522123623e+03 9.862828629692252935e-01
1.514744981809997398e+03 9.885938759178686253e-01
1.514752074097871173e+03 9.908332899166685248e-01
1.514759166385744948e+03 9.929373662045007931e-01
1.514766258673618495e+03 9.948501463062107142e-01
1.514773350961492270e+03 9.965129986377363469e-01
1.514780443249366044e+03 9.979243528645560524e-01
1.514787535537239819e+03 9.990443138353388708e-01
1.514794627825113366e+03 9.997639500231132459e-01
1.514801720112987141e+03 9.999999999999997780e-01
1.514808812400860916e+03 1.000000000000000000e+00
1.514815904688734690e+03 9.999999999999998890e-01
1.514822996976608238e+03 1.000000000000000000e+00
1.514830089264482012e+03 9.999999999999997780e-01
1.514837181552355787e+03 1.000000000000000000e+00
1.514844273840229562e+03 9.999999999999997780e-01
1.514851366128103336e+03 1.000000000000000000e+00
1.514858458415976884e+03 1.000000000000000000e+00
1.514865550703850658e+03 1.000000000000000000e+00
1.514872642991724433e+03 1.000000000000000000e+00
1.514879735279598208e+03 1.000000000000000222e+00
1.514886827567471755e+03 1.000000000000000222e+00
1.514893919855345530e+03 1.000000000000000000e+00
1.514901012143219305e+03 1.000000000000000000e+00
1.514908104431093079e+03 1.000000000000000222e+00
1.514915196718966627e+03 9.999999999999998890e-01
1.514922289006840401e+03 1.000000000000000000e+00
1.514929381294714176e+03 9.999999999999998890e-01
1.514936473582587951e+03 9.999999999999997780e-01
1.514943565870461498e+03 9.999999999999998890e-01
1.514950658158335273e+03 1.000000000000000222e+00
1.514957750446209047e+03 1.000000000000000000e+00
1.514964842734082822e+03 9.993943145735330047e-01
1.514971935021956369e+03 9.969726932592474222e-01
1.514979027309830144e+03 9.935657153431728394e-01
1.514986119597703919e+03 9.895650032382301564e-01
1.514993211885577693e+03 9.851266522728747699e-01
1.515000304173451468e+03 9.804577399126762627e-01
1.515007396461325015e+03 9.756387377627947499e-01
1.515014488749198790e+03 9.707938167435472554e-01
1.515021581037072565e+03 9.659560442066968955e-01
1.515028673324946340e+03 9.612265144276056494e-01
1.515035765612819887e+03 9.567099273838872708e-01
1.515042857900693662e+03 9.524264826073071122e-01
1.515049950188567436e+03 9.483682873356629184e-01
1.515057042476441211e+03 9.445992831306332382e-01
1.515064134764314758e+03 9.411082739637721684e-01
1.515071227052188533e+03 9.378838473543533727e-01
1.515078319340062308e+03 9.349582605713878669e-01
1.515085411627936082e+03 9.323112698102242746e-01
1.515092503915809630e+03 9.299733591216958750e-01
1.515099596203683404e+03 9.279655194008110675e-01
1.515106688491557179e+03 9.262416438409476482e-01
1.515113780779430954e+03 9.248200697008146509e-01
1.515120873067304501e+03 9.237081626267682477e-01
1.515127965355178276e+03 9.229048495351863668e-01
1.515135057643052050e+03 9.224057137245369464e-01
1.515142149930925825e+03 9.221981900256496223e-01
1.515149242218799600e+03 9.222842429187935176e-01
1.515156334506673147e+03 9.226508447280163949e-01
1.515163426794546922e+03 9.233010422723830768e-01
1.515170519082420697e+03 9.242248394923163746e-01
1.515177611370294471e+03 9.254150911858882722e-01
1.515184703658168019e+03 9.268547874562717004e-01
1.515191795946041793e+03 9.285248417443059399e-01
1.515198888233915568e+03 9.304337552101094033e-01
1.515205980521789343e+03 9.325682976269015212e-01
1.515213072809662890e+03 9.349375326751621085e-01
1.515220165097536665e+03 9.375086382599264745e-01
1.515227257385410439e+03 9.402674782407542953e-01
1.515234349673284214e+03 9.431877908551562495e-01
1.515241441961157761e+03 9.462697720174019222e-01
1.515248534249031536e+03 9.494991671835848468e-01
1.515255626536905311e+03 9.528494561125673279e-01
1.515262718824779085e+03 9.563240399684531656e-01
1.515269811112652633e+03 9.598941721039522257e-01
1.515276903400526407e+03 9.635226639005279869e-01
1.515283995688400182e+03 9.672023878367463912e-01
1.515291087976273957e+03 9.709002214162593125e-01
1.515298180264147732e+03 9.746267826071447482e-01
1.515305272552021279e+03 9.783356832630507594e-01
1.515312364839895054e+03 9.819370882532503231e-01
1.515319457127768828e+03 9.845662937361110423e-01
1.515326549415642603e+03 9.858481647280249449e-01
1.515333641703516150e+03 9.854586622993838363e-01
1.515340733991389925e+03 9.835536635604300582e-01
1.515347826279263700e+03 9.801692986555091691e-01
1.515354918567137474e+03 9.752853497580282749e-01
1.515362010855011022e+03 9.687588436162081207e-01
1.515369103142884796e+03 9.607928142294774876e-01
1.515376195430758571e+03 9.523078392786776813e-01
1.515383287718632346e+03 9.433898385124800390e-01
1.515390380006505893e+03 9.340754416546290795e-01
1.515397472294379668e+03 9.244355980999623412e-01
1.515404564582253442e+03 9.144881005519417405e-01
1.515411656870127217e+03 9.043223111679908888e-01
1.515418749158000765e+03 8.939772532222065582e-01
1.515425841445874539e+03 8.834926584102144043e-01
1.515432933733748314e+03 8.729695429126125283e-01
1.515440026021622089e+03 8.626474076667604018e-01
1.515447118309495863e+03 8.528979012982660368e-01
1.515454210597369411e+03 8.438568418111174196e-01
1.515461302885243185e+03 8.356084533068931508e-01
1.515468395173116960e+03 8.282231271981291831e-01
1.515475487460990735e+03 8.215811988398299404e-01
1.515482579748864282e+03 8.156470288373677269e-01
1.515489672036738057e+03 8.103930120796063452e-01
1.515496764324611831e+03 8.058046882881773065e-01
1.515503856612485606e+03 8.018488598420150382e-01
1.515510948900359153e+03 7.985145158188967640e-01
1.515518041188232928e+03 7.957949521312530639e-01
1.515525133476106703e+03 7.936837486328817137e-01
1.515532225763980477e+03 7.921538576737151560e-01
1.515539318051854025e+03 7.912025159412521269e-01
1.515546410339727800e+03 7.908170671215771774e-01
1.515553502627601574e+03 7.909803470620958565e-01
1.515560594915475349e+03 7.916777010004684145e-01
1.515567687203348896e+03 7.929067074491328304e-01
1.515574779491222671e+03 7.946575895013390234e-01
1.515581871779096446e+03 7.969267452047785749e-01
1.515588964066970220e+03 7.997049187653927360e-01
1.515596056354843995e+03 8.029613966087857380e-01
1.515603148642717542e+03 8.066745315794562332e-01
1.515610240930591317e+03 8.107812880529089439e-01
1.515617333218465092e+03 8.152387458311111113e-01
1.515624425506338866e+03 8.200328510826035977e-01
1.515631517794212414e+03 8.251768788753360839e-01
1.515638610082086188e+03 8.306411157579585147e-01
1.515645702369959963e+03 8.363925967182062049e-01
1.515652794657833738e+03 8.424199237747185265e-01
1.515659886945707285e+03 8.487266844966274704e-01
1.515666979233581060e+03 8.552998040877991537e-01
1.515674071521454835e+03 8.621426786372154982e-01
1.515681163809328609e+03 8.692115195838752140e-01
1.515688256097202157e+03 8.765056762320685424e-01
1.515695348385075931e+03 8.840098900302739704e-01
1.515702440672949706e+03 8.917146927214615326e-01
1.515709532960823481e+03 8.995962570471516262e-01
1.515716625248697028e+03 9.076043259173551814e-01
1.515723717536570803e+03 9.156561252045439803e-01
1.515730809824444577e+03 9.237270789662951342e-01
1.515737902112318352e+03 9.317243160699025806e-01
1.515744994400192127e+03 9.396328307295771509e-01
1.515752086688065674e+03 9.473449746157981410e-01
1.515759178975939449e+03 9.547534415984216816e-01
1.515766271263813223e+03 9.617939433899951318e-01
1.515773363551686998e+03 9.684028242106985651e-01
1.515780455839560545e+03 9.745447446160266924e-01
1.515787548127434320e+03 9.801769708329428621e-01
1.515794640415308095e+03 9.852573611152206645e-01
1.515801732703181870e+03 9.897176503242710588e-01
1.515808824991055417e+03 9.934918679700954769e-01
1.515815917278929192e+03 9.965173955729567101e-01
1.515823009566802966e+03 9.987820331186259004e-01
1.515830101854676741e+03 9.999592747718706320e-01
1.515837194142550288e+03 9.999999999999997780e-01
1.515844286430424063e+03 9.999999999999998890e-01
1.515851378718297838e+03 9.999999999999997780e-01
1.515858471006171612e+03 9.999999999999997780e-01
1.515865563294045160e+03 1.000000000000000000e+00
1.515872655581918934e+03 9.999999999999998890e-01
1.515879747869792709e+03 1.000000000000000000e+00
1.515886840157666484e+03 1.000000000000000000e+00
1.515893932445540258e+03 1.000000000000000222e+00
1.515901024733413806e+03 9.999999999999997780e-01
1.515908117021287580e+03 1.000000000000000000e+00
1.515915209309161355e+03 9.999999999999997780e-01
1.515922301597035130e+03 9.999999999999997780e-01
1.515929393884908677e+03 1.000000000000000000e+00
1.515936486172782452e+03 9.999999999999997780e-01
1.515943578460656227e+03 1.000000000000000000e+00
1.515950670748530001e+03 1.000000000000000000e+00
1.515957763036403549e+03 9.999999999999998890e-01
1.515964855324277323e+03 9.999999999999997780e-01
1.515971947612151098e+03 9.999999999999997780e-01
1.515979039900024873e+03 1.000000000000000222e+00
1.515986132187898420e+03 9.999999999999998890e-01
1.515993224475772195e+03 9.999999999999998890e-01
1.516000316763645969e+03 1.000000000000000222e+00
1.516007409051519744e+03 1.000000000000000000e+00
1.516014501339393291e+03 1.000000000000000000e+00
1.516021593627267066e+03 9.999999999999998890e-01
1.516028685915140841e+03 9.999999999999998890e-01
1.516035778203014615e+03 9.999999999999998890e-01
1.516042870490888390e+03 9.999999999999998890e-01
1.516049962778761937e+03 9.999999999999998890e-01
1.516057055066635712e+03 1.000000000000000222e+00
1.516064147354509487e+03 9.999999999999998890e-01
1.516071239642383262e+03 1.000000000000000000e+00
1.516078331930256809e+03 9.999999999999998890e-01
1.516085424218130584e+03 9.999999999999997780e-01
1.516092516506004358e+03 1.000000000000000000e+00
1.516099608793878133e+03 1.000000000000000000e+00
1.516106701081751680e+03 1.000000000000000000e+00
1.516113793369625455e+03 1.000000000000000000e+00
1.516120885657499230e+03 1.000000000000000222e+00
1.516127977945373004e+03 9.999999999999997780e-01
1.516135070233246552e+03 1.000000000000000000e+00
1.516142162521120326e+03 1.000000000000000000e+00
1.516149254808994101e+03 9.999999999999998890e-01
1.516156347096867876e+03 9.999999999999998890e-01
1.516163439384741423e+03 9.999999999999996669e-01
1.516170531672615198e+03 9.999999999999998890e-01
1.516177623960488972e+03 1.000000000000000000e+00
1.516184716248362747e+03 9.999999999999998890e-01
1.516191808536236522e+03 1.000000000000000222e+00
1.516198900824110069e+03 9.999999999999998890e-01
1.516205993111983844e+03 9.999999999999998890e-01
1.516213085399857619e+03 1.000000000000000000e+00
1.516220177687731393e+03 9.999999999999998890e-01
1.516227269975604941e+03 9.999999999999998890e-01
1.516234362263478715e+03 9.999999999999995559e-01
1.516241454551352490e+03 9.999999999999996669e-01
1.516248546839226265e+03 1.000000000000000000e+00
1.516255639127099812e+03 1.000000000000000000e+00
1.516262731414973587e+03 1.000000000000000000e+00
1.516269823702847361e+03 1.000000000000000000e+00
1.516276915990721136e+03 9.999999999999997780e-01
1.516284008278594683e+03 9.999999999999996669e-01
1.516291100566468458e+03 1.000000000000000222e+00
1.516298192854342233e+03 9.999999999999996669e-01
1.516305285142216007e+03 1.000000000000000000e+00
1.516312377430089555e+03 9.999999999999998890e-01
1.516319469717963329e+03 1.000000000000000000e+00
1.516326562005837104e+03 9.999999999999995559e-01
1.516333654293710879e+03 9.999999999999995559e-01
1.516340746581584654e+03 1.000000000000000000e+00
1.516347838869458201e+03 1.000000000000000000e+00
1.516354931157331976e+03 9.999999999999997780e-01
1.516362023445205750e+03 9.999999999999996669e-01
1.516369115733079525e+03 1.000000000000000000e+00
1.516376208020953072e+03 9.999999999999997780e-01
1.516383300308826847e+03 9.999999999999998890e-01
1.516390392596700622e+03 1.000000000000000000e+00
1.516397484884574396e+03 9.999999999999995559e-01
1.516404577172447944e+03 1.000000000000000000e+00
1.516411669460321718e+03 9.999999999999997780e-01
1.516418761748195493e+03 9.999999999999998890e-01
1.516425854036069268e+03 1.000000000000000000e+00
1.516432946323942815e+03 1.000000000000000000e+00
1.516440038611816590e+03 9.999999999999998890e-01
1.516447130899690364e+03 9.999999999999997780e-01
